0 90.00 90.00 -180.00 45.00
1 90.00 90.00 -178.80 45.00
2 90.00 90.00 -177.60 45.00
3 90.00 90.00 -176.40 45.00
4 90.00 90.00 -175.20 45.00
5 90.00 90.00 -174.00 45.00
6 90.00 90.00 -172.80 45.00
7 90.00 90.00 -171.60 45.00
8 90.00 90.00 -170.40 45.00
9 90.00 90.00 -169.20 45.00
10 90.00 90.00 -168.00 45.00
11 90.00 90.00 -166.80 45.00
12 90.00 90.00 -165.60 45.00
13 90.00 90.00 -164.40 45.00
14 90.00 90.00 -163.20 45.00
15 90.00 90.00 -162.00 45.00
16 90.00 90.00 -160.80 45.00
17 90.00 90.00 -159.60 45.00
18 90.00 90.00 -158.40 45.00
19 90.00 90.00 -157.20 45.00
20 90.00 90.00 -156.00 45.00
21 90.00 90.00 -154.80 45.00
22 90.00 90.00 -153.60 45.00
23 90.00 90.00 -152.40 45.00
24 90.00 90.00 -151.20 45.00
25 90.00 90.00 -150.00 45.00
26 90.00 90.00 -148.80 45.00
27 90.00 90.00 -147.60 45.00
28 90.00 90.00 -146.40 45.00
29 90.00 90.00 -145.20 45.00
30 90.00 90.00 -144.00 45.00
31 90.00 90.00 -142.80 45.00
32 90.00 90.00 -141.60 45.00
33 90.00 90.00 -140.40 45.00
34 90.00 90.00 -139.20 45.00
35 90.00 90.00 -138.00 45.00
36 90.00 90.00 -136.80 45.00
37 90.00 90.00 -135.60 45.00
38 90.00 90.00 -134.40 45.00
39 90.00 90.00 -133.20 45.00
40 90.00 90.00 -132.00 45.00
41 90.00 90.00 -130.80 45.00
42 90.00 90.00 -129.60 45.00
43 90.00 90.00 -128.40 45.00
44 90.00 90.00 -127.20 45.00
45 90.00 90.00 -126.00 45.00
46 90.00 90.00 -124.80 45.00
47 90.00 90.00 -123.60 45.00
48 90.00 90.00 -122.40 45.00
49 90.00 90.00 -121.20 45.00
50 90.00 90.00 -120.00 45.00
51 90.00 90.00 -118.80 45.00
52 90.00 90.00 -117.60 45.00
53 90.00 90.00 -116.40 45.00
54 90.00 90.00 -115.20 45.00
55 90.00 90.00 -114.00 45.00
56 90.00 90.00 -112.80 45.00
57 90.00 90.00 -111.60 45.00
58 90.00 90.00 -110.40 45.00
59 90.00 90.00 -109.20 45.00
60 90.00 90.00 -108.00 45.00
61 90.00 90.00 -106.80 45.00
62 90.00 90.00 -105.60 45.00
63 90.00 90.00 -104.40 45.00
64 90.00 90.00 -103.20 45.00
65 90.00 90.00 -102.00 45.00
66 90.00 90.00 -100.80 45.00
67 90.00 90.00 -99.60 45.00
68 90.00 90.00 -98.40 45.00
69 90.00 90.00 -97.20 45.00
70 90.00 90.00 -96.00 45.00
71 90.00 90.00 -94.80 45.00
72 90.00 90.00 -93.60 45.00
73 90.00 90.00 -92.40 45.00
74 90.00 90.00 -91.20 45.00
75 90.00 90.00 -90.00 45.00
76 90.00 90.00 -88.80 45.00
77 90.00 90.00 -87.60 45.00
78 90.00 90.00 -86.40 45.00
79 90.00 90.00 -85.20 45.00
80 90.00 90.00 -84.00 45.00
81 90.00 90.00 -82.80 45.00
82 90.00 90.00 -81.60 45.00
83 90.00 90.00 -80.40 45.00
84 90.00 90.00 -79.20 45.00
85 90.00 90.00 -78.00 45.00
86 90.00 90.00 -76.80 45.00
87 90.00 90.00 -75.60 45.00
88 90.00 90.00 -74.40 45.00
89 90.00 90.00 -73.20 45.00
90 90.00 90.00 -72.00 45.00
91 90.00 90.00 -70.80 45.00
92 90.00 90.00 -69.60 45.00
93 90.00 90.00 -68.40 45.00
94 90.00 90.00 -67.20 45.00
95 90.00 90.00 -66.00 45.00
96 90.00 90.00 -64.80 45.00
97 90.00 90.00 -63.60 45.00
98 90.00 90.00 -62.40 45.00
99 90.00 90.00 -61.20 45.00
100 90.00 90.00 -60.00 45.00
101 90.00 90.00 -58.80 45.00
102 90.00 90.00 -57.60 45.00
103 90.00 90.00 -56.40 45.00
104 90.00 90.00 -55.20 45.00
105 90.00 90.00 -54.00 45.00
106 90.00 90.00 -52.80 45.00
107 90.00 90.00 -51.60 45.00
108 90.00 90.00 -50.40 45.00
109 90.00 90.00 -49.20 45.00
110 90.00 90.00 -48.00 45.00
111 90.00 90.00 -46.80 45.00
112 90.00 90.00 -45.60 45.00
113 90.00 90.00 -44.40 45.00
114 90.00 90.00 -43.20 45.00
115 90.00 90.00 -42.00 45.00
116 90.00 90.00 -40.80 45.00
117 90.00 90.00 -39.60 45.00
118 90.00 90.00 -38.40 45.00
119 90.00 90.00 -37.20 45.00
120 90.00 90.00 -36.00 45.00
121 90.00 90.00 -34.80 43.50
122 90.00 90.00 -33.60 42.00
123 90.00 90.00 -32.40 40.50
124 90.00 90.00 -31.20 39.00
125 90.00 90.00 -30.00 37.50
126 90.00 90.00 -28.80 36.00
127 90.00 90.00 -27.60 34.50
128 90.00 90.00 -26.40 33.00
129 90.00 90.00 -25.20 31.50
130 90.00 90.00 -24.00 30.00
131 90.00 90.00 -22.80 28.50
132 90.00 90.00 -21.60 27.00
133 90.00 90.00 -20.40 25.50
134 90.00 90.00 -19.20 24.00
135 90.00 90.00 -18.00 22.50
136 90.00 90.00 -16.80 21.00
137 90.00 90.00 -15.60 19.50
138 90.00 90.00 -14.40 18.00
139 90.00 90.00 -13.20 16.50
140 90.00 90.00 -12.00 15.00
141 90.00 90.00 -10.80 13.50
142 90.00 90.00 -9.60 12.00
143 90.00 90.00 -8.40 10.50
144 90.00 90.00 -7.20 9.00
145 90.00 90.00 -6.00 7.50
146 90.00 90.00 -4.80 6.00
147 90.00 90.00 -3.60 4.50
148 90.00 90.00 -2.40 3.00
149 90.00 90.00 -1.20 1.50
150 90.00 90.00 0.00 0.00
151 90.00 90.00 1.20 -1.50
152 90.00 90.00 2.40 -3.00
153 90.00 90.00 3.60 -4.50
154 90.00 90.00 4.80 -6.00
155 90.00 90.00 6.00 -7.50
156 90.00 90.00 7.20 -9.00
157 90.00 90.00 8.40 -10.50
158 90.00 90.00 9.60 -12.00
159 90.00 90.00 10.80 -13.50
160 90.00 90.00 12.00 -15.00
161 90.00 90.00 13.20 -16.50
162 90.00 90.00 14.40 -18.00
163 90.00 90.00 15.60 -19.50
164 90.00 90.00 16.80 -21.00
165 90.00 90.00 18.00 -22.50
166 90.00 90.00 19.20 -24.00
167 90.00 90.00 20.40 -25.50
168 90.00 90.00 21.60 -27.00
169 90.00 90.00 22.80 -28.50
170 90.00 90.00 24.00 -30.00
171 90.00 90.00 25.20 -31.50
172 90.00 90.00 26.40 -33.00
173 90.00 90.00 27.60 -34.50
174 90.00 90.00 28.80 -36.00
175 90.00 90.00 30.00 -37.50
176 90.00 90.00 31.20 -39.00
177 90.00 90.00 32.40 -40.50
178 90.00 90.00 33.60 -42.00
179 90.00 90.00 34.80 -43.50
180 90.00 90.00 36.00 -45.00
181 90.00 90.00 37.20 -45.00
182 90.00 90.00 38.40 -45.00
183 90.00 90.00 39.60 -45.00
184 90.00 90.00 40.80 -45.00
185 90.00 90.00 42.00 -45.00
186 90.00 90.00 43.20 -45.00
187 90.00 90.00 44.40 -45.00
188 90.00 90.00 45.60 -45.00
189 90.00 90.00 46.80 -45.00
190 90.00 90.00 48.00 -45.00
191 90.00 90.00 49.20 -45.00
192 90.00 90.00 50.40 -45.00
193 90.00 90.00 51.60 -45.00
194 90.00 90.00 52.80 -45.00
195 90.00 90.00 54.00 -45.00
196 90.00 90.00 55.20 -45.00
197 90.00 90.00 56.40 -45.00
198 90.00 90.00 57.60 -45.00
199 90.00 90.00 58.80 -45.00
200 90.00 90.00 60.00 -45.00
201 90.00 90.00 61.20 -45.00
202 90.00 90.00 62.40 -45.00
203 90.00 90.00 63.60 -45.00
204 90.00 90.00 64.80 -45.00
205 90.00 90.00 66.00 -45.00
206 90.00 90.00 67.20 -45.00
207 90.00 90.00 68.40 -45.00
208 90.00 90.00 69.60 -45.00
209 90.00 90.00 70.80 -45.00
210 90.00 90.00 72.00 -45.00
211 90.00 90.00 73.20 -45.00
212 90.00 90.00 74.40 -45.00
213 90.00 90.00 75.60 -45.00
214 90.00 90.00 76.80 -45.00
215 90.00 90.00 78.00 -45.00
216 90.00 90.00 79.20 -45.00
217 90.00 90.00 80.40 -45.00
218 90.00 90.00 81.60 -45.00
219 90.00 90.00 82.80 -45.00
220 90.00 90.00 84.00 -45.00
221 90.00 90.00 85.20 -45.00
222 90.00 90.00 86.40 -45.00
223 90.00 90.00 87.60 -45.00
224 90.00 90.00 88.80 -45.00
225 90.00 90.00 90.00 -45.00
226 90.00 90.00 91.20 -45.00
227 90.00 90.00 92.40 -45.00
228 90.00 90.00 93.60 -45.00
229 90.00 90.00 94.80 -45.00
230 90.00 90.00 96.00 -45.00
231 90.00 90.00 97.20 -45.00
232 90.00 90.00 98.40 -45.00
233 90.00 90.00 99.60 -45.00
234 90.00 90.00 100.80 -45.00
235 90.00 90.00 102.00 -45.00
236 90.00 90.00 103.20 -45.00
237 90.00 90.00 104.40 -45.00
238 90.00 90.00 105.60 -45.00
239 90.00 90.00 106.80 -45.00
240 90.00 90.00 108.00 -45.00
241 90.00 90.00 109.20 -45.00
242 90.00 90.00 110.40 -45.00
243 90.00 90.00 111.60 -45.00
244 90.00 90.00 112.80 -45.00
245 90.00 90.00 114.00 -45.00
246 90.00 90.00 115.20 -45.00
247 90.00 90.00 116.40 -45.00
248 90.00 90.00 117.60 -45.00
249 90.00 90.00 118.80 -45.00
250 90.00 90.00 120.00 -45.00
251 90.00 90.00 121.20 -45.00
252 90.00 90.00 122.40 -45.00
253 90.00 90.00 123.60 -45.00
254 90.00 90.00 124.80 -45.00
255 90.00 90.00 126.00 -45.00
256 90.00 90.00 127.20 -45.00
257 90.00 90.00 128.40 -45.00
258 90.00 90.00 129.60 -45.00
259 90.00 90.00 130.80 -45.00
260 90.00 90.00 132.00 -45.00
261 90.00 90.00 133.20 -45.00
262 90.00 90.00 134.40 -45.00
263 90.00 90.00 135.60 -45.00
264 90.00 90.00 136.80 -45.00
265 90.00 90.00 138.00 -45.00
266 90.00 90.00 139.20 -45.00
267 90.00 90.00 140.40 -45.00
268 90.00 90.00 141.60 -45.00
269 90.00 90.00 142.80 -45.00
270 90.00 90.00 144.00 -45.00
271 90.00 90.00 145.20 -45.00
272 90.00 90.00 146.40 -45.00
273 90.00 90.00 147.60 -45.00
274 90.00 90.00 148.80 -45.00
275 90.00 90.00 150.00 -45.00
276 90.00 90.00 151.20 -45.00
277 90.00 90.00 152.40 -45.00
278 90.00 90.00 153.60 -45.00
279 90.00 90.00 154.80 -45.00
280 90.00 90.00 156.00 -45.00
281 90.00 90.00 157.20 -45.00
282 90.00 90.00 158.40 -45.00
283 90.00 90.00 159.60 -45.00
284 90.00 90.00 160.80 -45.00
285 90.00 90.00 162.00 -45.00
286 90.00 90.00 163.20 -45.00
287 90.00 90.00 164.40 -45.00
288 90.00 90.00 165.60 -45.00
289 90.00 90.00 166.80 -45.00
290 90.00 90.00 168.00 -45.00
291 90.00 90.00 169.20 -45.00
292 90.00 90.00 170.40 -45.00
293 90.00 90.00 171.60 -45.00
294 90.00 90.00 172.80 -45.00
295 90.00 90.00 174.00 -45.00
296 90.00 90.00 175.20 -45.00
297 90.00 90.00 176.40 -45.00
298 90.00 90.00 177.60 -45.00
299 90.00 90.00 178.80 -45.00
