0 90.00 90.00 -180.00 0.00
1 90.00 90.00 -178.80 1.20
2 90.00 90.00 -177.60 2.40
3 90.00 90.00 -176.40 3.60
4 90.00 90.00 -175.20 4.80
5 90.00 90.00 -174.00 6.00
6 90.00 90.00 -172.80 7.20
7 90.00 90.00 -171.60 8.40
8 90.00 90.00 -170.40 9.60
9 90.00 90.00 -169.20 10.80
10 90.00 90.00 -168.00 12.00
11 90.00 90.00 -166.80 13.20
12 90.00 90.00 -165.60 14.40
13 90.00 90.00 -164.40 15.60
14 90.00 90.00 -163.20 16.80
15 90.00 90.00 -162.00 18.00
16 90.00 90.00 -160.80 19.20
17 90.00 90.00 -159.60 20.40
18 90.00 90.00 -158.40 21.60
19 90.00 90.00 -157.20 22.80
20 90.00 90.00 -156.00 24.00
21 90.00 90.00 -154.80 25.20
22 90.00 90.00 -153.60 26.40
23 90.00 90.00 -152.40 27.60
24 90.00 90.00 -151.20 28.80
25 90.00 90.00 -150.00 30.00
26 90.00 90.00 -148.80 31.20
27 90.00 90.00 -147.60 32.40
28 90.00 90.00 -146.40 33.60
29 90.00 90.00 -145.20 34.80
30 90.00 90.00 -144.00 36.00
31 90.00 90.00 -142.80 37.20
32 90.00 90.00 -141.60 38.40
33 90.00 90.00 -140.40 39.60
34 90.00 90.00 -139.20 40.80
35 90.00 90.00 -138.00 42.00
36 90.00 90.00 -136.80 43.20
37 90.00 90.00 -135.60 44.40
38 90.00 90.00 -134.40 45.60
39 90.00 90.00 -133.20 46.80
40 90.00 90.00 -132.00 48.00
41 90.00 90.00 -130.80 49.20
42 90.00 90.00 -129.60 50.40
43 90.00 90.00 -128.40 51.60
44 90.00 90.00 -127.20 52.80
45 90.00 90.00 -126.00 54.00
46 90.00 90.00 -124.80 55.20
47 90.00 90.00 -123.60 56.40
48 90.00 90.00 -122.40 57.60
49 90.00 90.00 -121.20 58.80
50 90.00 90.00 -120.00 60.00
51 90.00 90.00 -118.80 61.20
52 90.00 90.00 -117.60 62.40
53 90.00 90.00 -116.40 63.60
54 90.00 90.00 -115.20 64.80
55 90.00 90.00 -114.00 66.00
56 90.00 90.00 -112.80 67.20
57 90.00 90.00 -111.60 68.40
58 90.00 90.00 -110.40 69.60
59 90.00 90.00 -109.20 70.80
60 90.00 90.00 -108.00 72.00
61 90.00 90.00 -106.80 73.20
62 90.00 90.00 -105.60 74.40
63 90.00 90.00 -104.40 75.60
64 90.00 90.00 -103.20 76.80
65 90.00 90.00 -102.00 78.00
66 90.00 90.00 -100.80 79.20
67 90.00 90.00 -99.60 80.40
68 90.00 90.00 -98.40 81.60
69 90.00 90.00 -97.20 82.80
70 90.00 90.00 -96.00 84.00
71 90.00 90.00 -94.80 85.20
72 90.00 90.00 -93.60 86.40
73 90.00 90.00 -92.40 87.60
74 90.00 90.00 -91.20 88.80
75 90.00 90.00 -90.00 90.00
76 90.00 90.00 -88.80 88.80
77 90.00 90.00 -87.60 87.60
78 90.00 90.00 -86.40 86.40
79 90.00 90.00 -85.20 85.20
80 90.00 90.00 -84.00 84.00
81 90.00 90.00 -82.80 82.80
82 90.00 90.00 -81.60 81.60
83 90.00 90.00 -80.40 80.40
84 90.00 90.00 -79.20 79.20
85 90.00 90.00 -78.00 78.00
86 90.00 90.00 -76.80 76.80
87 90.00 90.00 -75.60 75.60
88 90.00 90.00 -74.40 74.40
89 90.00 90.00 -73.20 73.20
90 90.00 90.00 -72.00 72.00
91 90.00 90.00 -70.80 70.80
92 90.00 90.00 -69.60 69.60
93 90.00 90.00 -68.40 68.40
94 90.00 90.00 -67.20 67.20
95 90.00 90.00 -66.00 66.00
96 90.00 90.00 -64.80 64.80
97 90.00 90.00 -63.60 63.60
98 90.00 90.00 -62.40 62.40
99 90.00 90.00 -61.20 61.20
100 90.00 90.00 -60.00 60.00
101 90.00 90.00 -58.80 58.80
102 90.00 90.00 -57.60 57.60
103 90.00 90.00 -56.40 56.40
104 90.00 90.00 -55.20 55.20
105 90.00 90.00 -54.00 54.00
106 90.00 90.00 -52.80 52.80
107 90.00 90.00 -51.60 51.60
108 90.00 90.00 -50.40 50.40
109 90.00 90.00 -49.20 49.20
110 90.00 90.00 -48.00 48.00
111 90.00 90.00 -46.80 46.80
112 90.00 90.00 -45.60 45.60
113 90.00 90.00 -44.40 44.40
114 90.00 90.00 -43.20 43.20
115 90.00 90.00 -42.00 42.00
116 90.00 90.00 -40.80 40.80
117 90.00 90.00 -39.60 39.60
118 90.00 90.00 -38.40 38.40
119 90.00 90.00 -37.20 37.20
120 90.00 90.00 -36.00 36.00
121 90.00 90.00 -34.80 34.80
122 90.00 90.00 -33.60 33.60
123 90.00 90.00 -32.40 32.40
124 90.00 90.00 -31.20 31.20
125 90.00 90.00 -30.00 30.00
126 90.00 90.00 -28.80 28.80
127 90.00 90.00 -27.60 27.60
128 90.00 90.00 -26.40 26.40
129 90.00 90.00 -25.20 25.20
130 90.00 90.00 -24.00 24.00
131 90.00 90.00 -22.80 22.80
132 90.00 90.00 -21.60 21.60
133 90.00 90.00 -20.40 20.40
134 90.00 90.00 -19.20 19.20
135 90.00 90.00 -18.00 18.00
136 90.00 90.00 -16.80 16.80
137 90.00 90.00 -15.60 15.60
138 90.00 90.00 -14.40 14.40
139 90.00 90.00 -13.20 13.20
140 90.00 90.00 -12.00 12.00
141 90.00 90.00 -10.80 10.80
142 90.00 90.00 -9.60 9.60
143 90.00 90.00 -8.40 8.40
144 90.00 90.00 -7.20 7.20
145 90.00 90.00 -6.00 6.00
146 90.00 90.00 -4.80 4.80
147 90.00 90.00 -3.60 3.60
148 90.00 90.00 -2.40 2.40
149 90.00 90.00 -1.20 1.20
150 90.00 90.00 0.00 0.00
151 90.00 90.00 1.20 -1.20
152 90.00 90.00 2.40 -2.40
153 90.00 90.00 3.60 -3.60
154 90.00 90.00 4.80 -4.80
155 90.00 90.00 6.00 -6.00
156 90.00 90.00 7.20 -7.20
157 90.00 90.00 8.40 -8.40
158 90.00 90.00 9.60 -9.60
159 90.00 90.00 10.80 -10.80
160 90.00 90.00 12.00 -12.00
161 90.00 90.00 13.20 -13.20
162 90.00 90.00 14.40 -14.40
163 90.00 90.00 15.60 -15.60
164 90.00 90.00 16.80 -16.80
165 90.00 90.00 18.00 -18.00
166 90.00 90.00 19.20 -19.20
167 90.00 90.00 20.40 -20.40
168 90.00 90.00 21.60 -21.60
169 90.00 90.00 22.80 -22.80
170 90.00 90.00 24.00 -24.00
171 90.00 90.00 25.20 -25.20
172 90.00 90.00 26.40 -26.40
173 90.00 90.00 27.60 -27.60
174 90.00 90.00 28.80 -28.80
175 90.00 90.00 30.00 -30.00
176 90.00 90.00 31.20 -31.20
177 90.00 90.00 32.40 -32.40
178 90.00 90.00 33.60 -33.60
179 90.00 90.00 34.80 -34.80
180 90.00 90.00 36.00 -36.00
181 90.00 90.00 37.20 -37.20
182 90.00 90.00 38.40 -38.40
183 90.00 90.00 39.60 -39.60
184 90.00 90.00 40.80 -40.80
185 90.00 90.00 42.00 -42.00
186 90.00 90.00 43.20 -43.20
187 90.00 90.00 44.40 -44.40
188 90.00 90.00 45.60 -45.60
189 90.00 90.00 46.80 -46.80
190 90.00 90.00 48.00 -48.00
191 90.00 90.00 49.20 -49.20
192 90.00 90.00 50.40 -50.40
193 90.00 90.00 51.60 -51.60
194 90.00 90.00 52.80 -52.80
195 90.00 90.00 54.00 -54.00
196 90.00 90.00 55.20 -55.20
197 90.00 90.00 56.40 -56.40
198 90.00 90.00 57.60 -57.60
199 90.00 90.00 58.80 -58.80
200 90.00 90.00 60.00 -60.00
201 90.00 90.00 61.20 -61.20
202 90.00 90.00 62.40 -62.40
203 90.00 90.00 63.60 -63.60
204 90.00 90.00 64.80 -64.80
205 90.00 90.00 66.00 -66.00
206 90.00 90.00 67.20 -67.20
207 90.00 90.00 68.40 -68.40
208 90.00 90.00 69.60 -69.60
209 90.00 90.00 70.80 -70.80
210 90.00 90.00 72.00 -72.00
211 90.00 90.00 73.20 -73.20
212 90.00 90.00 74.40 -74.40
213 90.00 90.00 75.60 -75.60
214 90.00 90.00 76.80 -76.80
215 90.00 90.00 78.00 -78.00
216 90.00 90.00 79.20 -79.20
217 90.00 90.00 80.40 -80.40
218 90.00 90.00 81.60 -81.60
219 90.00 90.00 82.80 -82.80
220 90.00 90.00 84.00 -84.00
221 90.00 90.00 85.20 -85.20
222 90.00 90.00 86.40 -86.40
223 90.00 90.00 87.60 -87.60
224 90.00 90.00 88.80 -88.80
225 90.00 90.00 90.00 -90.00
226 90.00 90.00 91.20 -88.80
227 90.00 90.00 92.40 -87.60
228 90.00 90.00 93.60 -86.40
229 90.00 90.00 94.80 -85.20
230 90.00 90.00 96.00 -84.00
231 90.00 90.00 97.20 -82.80
232 90.00 90.00 98.40 -81.60
233 90.00 90.00 99.60 -80.40
234 90.00 90.00 100.80 -79.20
235 90.00 90.00 102.00 -78.00
236 90.00 90.00 103.20 -76.80
237 90.00 90.00 104.40 -75.60
238 90.00 90.00 105.60 -74.40
239 90.00 90.00 106.80 -73.20
240 90.00 90.00 108.00 -72.00
241 90.00 90.00 109.20 -70.80
242 90.00 90.00 110.40 -69.60
243 90.00 90.00 111.60 -68.40
244 90.00 90.00 112.80 -67.20
245 90.00 90.00 114.00 -66.00
246 90.00 90.00 115.20 -64.80
247 90.00 90.00 116.40 -63.60
248 90.00 90.00 117.60 -62.40
249 90.00 90.00 118.80 -61.20
250 90.00 90.00 120.00 -60.00
251 90.00 90.00 121.20 -58.80
252 90.00 90.00 122.40 -57.60
253 90.00 90.00 123.60 -56.40
254 90.00 90.00 124.80 -55.20
255 90.00 90.00 126.00 -54.00
256 90.00 90.00 127.20 -52.80
257 90.00 90.00 128.40 -51.60
258 90.00 90.00 129.60 -50.40
259 90.00 90.00 130.80 -49.20
260 90.00 90.00 132.00 -48.00
261 90.00 90.00 133.20 -46.80
262 90.00 90.00 134.40 -45.60
263 90.00 90.00 135.60 -44.40
264 90.00 90.00 136.80 -43.20
265 90.00 90.00 138.00 -42.00
266 90.00 90.00 139.20 -40.80
267 90.00 90.00 140.40 -39.60
268 90.00 90.00 141.60 -38.40
269 90.00 90.00 142.80 -37.20
270 90.00 90.00 144.00 -36.00
271 90.00 90.00 145.20 -34.80
272 90.00 90.00 146.40 -33.60
273 90.00 90.00 147.60 -32.40
274 90.00 90.00 148.80 -31.20
275 90.00 90.00 150.00 -30.00
276 90.00 90.00 151.20 -28.80
277 90.00 90.00 152.40 -27.60
278 90.00 90.00 153.60 -26.40
279 90.00 90.00 154.80 -25.20
280 90.00 90.00 156.00 -24.00
281 90.00 90.00 157.20 -22.80
282 90.00 90.00 158.40 -21.60
283 90.00 90.00 159.60 -20.40
284 90.00 90.00 160.80 -19.20
285 90.00 90.00 162.00 -18.00
286 90.00 90.00 163.20 -16.80
287 90.00 90.00 164.40 -15.60
288 90.00 90.00 165.60 -14.40
289 90.00 90.00 166.80 -13.20
290 90.00 90.00 168.00 -12.00
291 90.00 90.00 169.20 -10.80
292 90.00 90.00 170.40 -9.60
293 90.00 90.00 171.60 -8.40
294 90.00 90.00 172.80 -7.20
295 90.00 90.00 174.00 -6.00
296 90.00 90.00 175.20 -4.80
297 90.00 90.00 176.40 -3.60
298 90.00 90.00 177.60 -2.40
299 90.00 90.00 178.80 -1.20
